0 0.0 0.0 0.0477097406983 0.0123426187783 -0.0365025289357 -0.0462253727019 0.00310593657196 0.0 0.0 0.0 0.0 0.0 0.0 0.0 0.0 0.0 0.0 0.0 0.0 0.0 0.0477097406983 -0.0123426187783 0.0365025289357 0.0462253727019 0.00310593657196 0.0
1 0.0 0.0 0.0477097406983 0.0123426187783 -0.0365025289357 -0.0462253727019 0.00310593657196 0.0 0.0 0.0 0.0 0.0 0.0 0.0 0.0 0.0 0.0 0.0 0.0 0.0 0.0477097406983 -0.0123426187783 0.0365025289357 0.0462253727019 0.00310593657196 0.0
2 0.0 0.0 0.0365106835961 0.0115270651877 -0.0279914066195 -0.0436838790774 0.002360511804 0.0 0.0 0.0 -0.000336536730174 0.000523501541466 -0.000261750770733 0.0 0.0 0.0 -0.000336536730174 0.000523501541466 -0.000261750770733 0.0 0.0365106835961 -0.0115270651877 0.0279914066195 0.0436838790774 0.002360511804 0.0
3 0.0 0.0 0.0287424921989 0.0110618462786 -0.0222607403994 -0.0422699041665 0.00179398898035 0.0 0.0 0.0 -0.0013317494886 0.00207161041908 -0.00103580520954 0.0 0.0 0.0 -0.0013317494886 0.00207161041908 -0.00103580520954 0.0 0.0287424921989 -0.0110618462786 0.0222607403994 0.0422699041665 0.00179398898035 0.0
4 0.0 0.0 0.0287424921989 0.0110618462786 -0.0222607403994 -0.0422699041665 0.00179398898035 0.0 0.0 0.0 -0.0013317494886 0.00207161041908 -0.00103580520954 0.0 0.0 0.0 -0.0013317494886 0.00207161041908 -0.00103580520954 0.0 0.0287424921989 -0.0110618462786 0.0222607403994 0.0422699041665 0.00179398898035 0.0
5 0.0 0.0 0.0240574460477 0.0109618501738 -0.0191155076027 -0.042044159025 0.00136343156919 0.0 0.0 0.0 -0.00296404259279 0.00461073266342 -0.00230536633171 0.0 0.0 0.0 -0.00296404259279 0.00461073266342 -0.00230536633171 0.0 0.0240574460477 -0.0109618501738 0.0191155076027 0.042044159025 0.00136343156919 0.0
6 0.0 0.0 0.0240574460477 0.0109618501738 -0.0191155076027 -0.042044159025 0.00136343156919 0.0 0.0 0.0 -0.00296404259279 0.00461073266342 -0.00230536633171 0.0 0.0 0.0 -0.00296404259279 0.00461073266342 -0.00230536633171 0.0 0.0240574460477 -0.0109618501738 0.0191155076027 0.042044159025 0.00136343156919 0.0
7 0.0 0.0 0.0221751518548 0.0112350359559 -0.018391482532 -0.0430415458977 0.00103620800655 0.0 0.0 0.0 -0.00521181989461 0.00810727477074 -0.00405363738537 0.0 0.0 0.0 -0.00521181989461 0.00810727477074 -0.00405363738537 0.0 0.0221751518548 -0.0112350359559 0.018391482532 0.0430415458977 0.00103620800655 0.0
8 0.0 0.0 0.0228663831949 0.0118840970099 -0.0199478436261 -0.0452773682773 0.000787518103607 0.0 0.0 0.0 -0.00805348437279 0.0125276427716 -0.0062638213858 0.0 0.0 0.0 -0.00805348437279 0.0125276427716 -0.0062638213858 0.0 0.0228663831949 -0.0118840970099 0.0199478436261 0.0452773682773 0.000787518103607 0.0
9 0.0 0.0 0.0259408075362 0.0129077276215 -0.0236615594476 -0.0487520210445 0.000598513754085 0.0 0.0 0.0 -0.0114674419165 0.0178382415324 -0.00891912076622 0.0 0.0 0.0 -0.0114674419165 0.0178382415324 -0.00891912076622 0.0 0.0259408075362 -0.0129077276215 0.0236615594476 0.0487520210445 0.000598513754085 0.0
10 0.0 0.0 0.0259408075362 0.0129077276215 -0.0236615594476 -0.0487520210445 0.000598513754085 0.0 0.0 0.0 -0.0114674419165 0.0178382415324 -0.00891912076622 0.0 0.0 0.0 -0.0114674419165 0.0178382415324 -0.00891912076622 0.0 0.0259408075362 -0.0129077276215 0.0236615594476 0.0487520210445 0.000598513754085 0.0
11 0.0 0.0 0.0312376469374 0.0143015794456 -0.029423115775 -0.0534545779228 0.000454870460089 0.0 0.0 0.0 -0.0154320988804 0.0240054875612 -0.0120027437806 0.0 0.0 0.0 -0.0154320988804 0.0240054875612 -0.0120027437806 0.0 0.0312376469374 -0.0143015794456 0.029423115775 0.0534545779228 0.000454870460089 0.0
12 0.0 0.0 0.0312376469374 0.0143015794456 -0.029423115775 -0.0534545779228 0.000454870460089 0.0 0.0 0.0 -0.0154320988804 0.0240054875612 -0.0120027437806 0.0 0.0 0.0 -0.0154320988804 0.0240054875612 -0.0120027437806 0.0 0.0312376469374 -0.0143015794456 0.029423115775 0.0534545779228 0.000454870460089 0.0
13 0.0 0.0 0.0386185795069 0.0160589925945 -0.037133269012 -0.0593654960394 0.000345701555489 0.0 0.0 0.0 -0.0199258532375 0.0309957694262 -0.0154978847131 0.0 0.0 0.0 -0.0199258532375 0.0309957694262 -0.0154978847131 0.0 0.0386185795069 -0.0160589925945 0.037133269012 0.0593654960394 0.000345701555489 0.0
14 0.0 0.0 0.0479623638093 0.018171550706 -0.0467005819082 -0.0664586946368 0.00026273317053 0.0 0.0 0.0 -0.0249271113425 0.0387755073607 -0.0193877536803 0.0 0.0 0.0 -0.0249271113425 0.0387755073607 -0.0193877536803 0.0 0.0479623638093 -0.018171550706 0.0467005819082 0.0664586946368 0.00026273317053 0.0
15 0.0 0.0 0.0479623638093 0.018171550706 -0.0467005819082 -0.0664586946368 0.00026273317053 0.0 0.0 0.0 -0.0249271113425 0.0387755073607 -0.0193877536803 0.0 0.0 0.0 -0.0249271113425 0.0387755073607 -0.0193877536803 0.0 0.0479623638093 -0.018171550706 0.0467005819082 0.0664586946368 0.00026273317053 0.0
16 0.0 0.0 0.0591607242823 0.0206295046955 -0.058039560914 -0.0747031271458 0.000199677218916 0.0 0.0 0.0 -0.0304142776877 0.0473111011088 -0.0236555505544 0.0 0.0 0.0 -0.0304142776877 0.0473111011088 -0.0236555505544 0.0 0.0591607242823 -0.0206295046955 0.058039560914 0.0747031271458 0.000199677218916 0.0
17 0.0 0.0 0.0721152499318 0.0234220866114 -0.0710692182183 -0.0840639621019 0.000151754691615 0.0 0.0 0.0 -0.0363657586277 0.0565689541399 -0.02828447707 0.0 0.0 0.0 -0.0363657586277 0.0565689541399 -0.02828447707 0.0 0.0721152499318 -0.0234220866114 0.0710692182183 0.0840639621019 0.000151754691615 0.0
18 0.0 0.0 0.0721152499318 0.0234220866114 -0.0710692182183 -0.0840639621019 0.000151754691615 0.0 0.0 0.0 -0.0363657586277 0.0565689541399 -0.02828447707 0.0 0.0 0.0 -0.0363657586277 0.0565689541399 -0.02828447707 0.0 0.0721152499318 -0.0234220866114 0.0710692182183 0.0840639621019 0.000151754691615 0.0
19 0.0 0.0 0.0867350250483 0.0265377610922 -0.0857119932771 -0.0945034995675 0.000115333561553 0.0 0.0 0.0 -0.0427599586546 0.0665154904127 -0.0332577452064 0.0 0.0 0.0 -0.0427599586546 0.0665154904127 -0.0332577452064 0.0 0.0867350250483 -0.0265377610922 0.0857119932771 0.0945034995675 0.000115333561553 0.0
20 0.0 0.0 0.10293482244 0.0299644041806 -0.101892925799 -0.105981856585 8.76535050338e-05 0.0 0.0 0.0 -0.0495752692223 0.0771170929074 -0.0385585464537 0.0 0.0 0.0 -0.0495752692223 0.0771170929074 -0.0385585464537 0.0 0.10293482244 -0.0299644041806 0.101892925799 0.105981856585 8.76535050338e-05 0.0
21 0.0 0.0 0.10293482244 0.0299644041806 -0.101892925799 -0.105981856585 8.76535050338e-05 0.0 0.0 0.0 -0.0495752692223 0.0771170929074 -0.0385585464537 0.0 0.0 0.0 -0.0495752692223 0.0771170929074 -0.0385585464537 0.0 0.10293482244 -0.0299644041806 0.101892925799 0.105981856585 8.76535050338e-05 0.0
22 0.0 0.0 0.120633758605 0.0336894467473 -0.119539037347 -0.118457488716 6.66166670271e-05 0.0 0.0 0.0 -0.0567901208997 0.0883401930332 -0.0441700965166 0.0 0.0 0.0 -0.0567901208997 0.0883401930332 -0.0441700965166 0.0 0.120633758605 -0.0336894467473 0.119539037347 0.118457488716 6.66166670271e-05 0.0
23 0.0 0.0 0.120633758605 0.0336894467473 -0.119539037347 -0.118457488716 6.66166670271e-05 0.0 0.0 0.0 -0.0567901208997 0.0883401930332 -0.0441700965166 0.0 0.0 0.0 -0.0567901208997 0.0883401930332 -0.0441700965166 0.0 0.120633758605 -0.0336894467473 0.119539037347 0.118457488716 6.66166670271e-05 0.0
24 0.0 0.0 0.139754220843 0.0376999862492 -0.138578861952 -0.131887584925 5.06286669406e-05 0.0 0.0 0.0 -0.0643828958273 0.10015116632 -0.0500755831599 0.0 0.0 0.0 -0.0643828958273 0.10015116632 -0.0500755831599 0.0 0.139754220843 -0.0376999862492 0.138578861952 0.131887584925 5.06286669406e-05 0.0
25 0.0 0.0 0.160221099854 0.0419828556478 -0.158942058682 -0.146228387952 3.84777886211e-05 0.0 0.0 0.0 -0.0723320022225 0.112516440451 -0.0562582202256 0.0 0.0 0.0 -0.0723320022225 0.112516440451 -0.0562582202256 0.0 0.160221099854 -0.0419828556478 0.158942058682 0.146228387952 3.84777886211e-05 0.0
26 0.0 0.0 0.160221099854 0.0419828556478 -0.158942058682 -0.146228387952 3.84777886211e-05 0.0 0.0 0.0 -0.0723320022225 0.112516440451 -0.0562582202256 0.0 0.0 0.0 -0.0723320022225 0.112516440451 -0.0562582202256 0.0 0.160221099854 -0.0419828556478 0.158942058682 0.146228387952 3.84777886211e-05 0.0
27 0.0 0.0 0.181961193681 0.0465246960521 -0.180559188128 -0.16143541038 2.92431177513e-05 0.0 0.0 0.0 -0.0806158408523 0.125402405858 -0.062701202929 0.0 0.0 0.0 -0.0806158408523 0.125402405858 -0.062701202929 0.0 0.181961193681 -0.0465246960521 0.180559188128 0.16143541038 2.92431177513e-05 0.0
28 0.0 0.0 0.181961193681 0.0465246960521 -0.180559188128 -0.16143541038 2.92431177513e-05 0.0 0.0 0.0 -0.0806158408523 0.125402405858 -0.062701202929 0.0 0.0 0.0 -0.0806158408523 0.125402405858 -0.062701202929 0.0 0.181961193681 -0.0465246960521 0.180559188128 0.16143541038 2.92431177513e-05 0.0
29 0.0 0.0 0.204902753234 0.0513120032847 -0.203361436725 -0.177463620901 2.22247690544e-05 0.0 0.0 0.0 -0.0892128348351 0.138775512576 -0.0693877562881 0.0 0.0 0.0 -0.0892128348351 0.138775512576 -0.0693877562881 0.0 0.204902753234 -0.0513120032847 0.203361436725 0.177463620901 2.22247690544e-05 0.0
30 0.0 0.0 0.228975102305 0.0563311502337 -0.227280512452 -0.194267526269 1.68908245541e-05 0.0 0.0 0.0 -0.0981013551354 0.152602106333 -0.0763010531664 0.0 0.0 0.0 -0.0981013551354 0.152602106333 -0.0763010531664 0.0 0.228975102305 -0.0563311502337 0.227280512452 0.194267526269 1.68908245541e-05 0.0
31 0.0 0.0 0.254108428955 0.0615684352815 -0.252248495817 -0.211801365018 1.28370265884e-05 0.0 0.0 0.0 -0.107259832323 0.166848629713 -0.0834243148565 0.0 0.0 0.0 -0.107259832323 0.166848629713 -0.0834243148565 0.0 0.254108428955 -0.0615684352815 0.252248495817 0.211801365018 1.28370265884e-05 0.0
32 0.0 0.0 0.254108428955 0.0615684352815 -0.252248495817 -0.211801365018 1.28370265884e-05 0.0 0.0 0.0 -0.107259832323 0.166848629713 -0.0834243148565 0.0 0.0 0.0 -0.107259832323 0.166848629713 -0.0834243148565 0.0 0.254108428955 -0.0615684352815 0.252248495817 0.211801365018 1.28370265884e-05 0.0
33 0.0 0.0 0.280233502388 0.0670100823045 -0.27819776535 -0.23001909256 9.75614057097e-06 0.0 0.0 0.0 -0.116666659713 0.181481465697 -0.0907407328486 0.0 0.0 0.0 -0.116666659713 0.181481465697 -0.0907407328486 0.0 0.280233502388 -0.0670100823045 0.27819776535 0.23001909256 9.75614057097e-06 0.0
34 0.0 0.0 0.280233502388 0.0670100823045 -0.27819776535 -0.23001909256 9.75614057097e-06 0.0 0.0 0.0 -0.126300245523 0.196467041969 -0.0982335209846 0.0 0.0 0.0 -0.126300245523 0.196467041969 -0.0982335209846 0.0 0.280233502388 -0.0670100823045 0.27819776535 0.23001909256 9.75614057097e-06 0.0
35 0.0 0.0 0.307281643152 0.0726422667503 -0.305060893297 -0.248874515295 7.41466692489e-06 0.0 0.0 0.0 -0.126300245523 0.196467041969 -0.0982335209846 0.0 0.0 0.0 -0.126300245523 0.196467041969 -0.0982335209846 0.0 0.307281643152 -0.0726422667503 0.305060893297 0.248874515295 7.41466692489e-06 0.0
36 0.0 0.0 0.335184514523 0.078451141715 -0.332770675421 -0.268321275711 5.63514686291e-06 0.0 0.0 0.0 -0.136139005423 0.211771786213 -0.105885893106 0.0 0.0 0.0 -0.136139005423 0.211771786213 -0.105885893106 0.0 0.335184514523 -0.078451141715 0.332770675421 0.268321275711 5.63514686291e-06 0.0
37 0.0 0.0 0.335184514523 0.078451141715 -0.332770675421 -0.268321275711 5.63514686291e-06 0.0 0.0 0.0 -0.136139005423 0.211771786213 -0.105885893106 0.0 0.0 0.0 -0.136139005423 0.211771786213 -0.105885893106 0.0 0.335184514523 -0.078451141715 0.332770675421 0.268321275711 5.63514686291e-06 0.0
38 0.0 0.0 0.36387398839 0.0844228044152 -0.361259967089 -0.28831294179 4.28271141573e-06 0.0 0.0 0.0 -0.146161302924 0.227362021804 -0.113681010902 0.0 0.0 0.0 -0.146161302924 0.227362021804 -0.113681010902 0.0 0.36387398839 -0.0844228044152 0.361259967089 0.28831294179 4.28271141573e-06 0.0
39 0.0 0.0 0.393282264471 0.0905433595181 -0.390461802483 -0.308802932501 3.25486053043e-06 0.0 0.0 0.0 -0.15634560585 0.243204265833 -0.121602132916 0.0 0.0 0.0 -0.15634560585 0.243204265833 -0.121602132916 0.0 0.393282264471 -0.0905433595181 0.390461802483 0.308802932501 3.25486053043e-06 0.0
40 0.0 0.0 0.393282264471 0.0905433595181 -0.390461802483 -0.308802932501 3.25486053043e-06 0.0 0.0 0.0 -0.15634560585 0.243204265833 -0.121602132916 0.0 0.0 0.0 -0.15634560585 0.243204265833 -0.121602132916 0.0 0.393282264471 -0.0905433595181 0.390461802483 0.308802932501 3.25486053043e-06 0.0
41 0.0 0.0 0.423341631889 0.0967988744378 -0.420309185982 -0.329744666815 2.47369393946e-06 0.0 0.0 0.0 -0.166670247912 0.259264826775 -0.129632413387 0.0 0.0 0.0 -0.166670247912 0.259264826775 -0.129632413387 0.0 0.423341631889 -0.0967988744378 0.420309185982 0.329744666815 2.47369393946e-06 0.0
42 0.0 0.0 0.423341631889 0.0967988744378 -0.420309185982 -0.329744666815 2.47369393946e-06 0.0 0.0 0.0 -0.166670247912 0.259264826775 -0.129632413387 0.0 0.0 0.0 -0.166670247912 0.259264826775 -0.129632413387 0.0 0.423341631889 -0.0967988744378 0.420309185982 0.329744666815 2.47369393946e-06 0.0
43 0.0 0.0 0.45398452878 0.103175409138 -0.450735270977 -0.351091474295 1.88000740309e-06 0.0 0.0 0.0 -0.177113682032 0.275510162115 -0.137755081058 0.0 0.0 0.0 -0.177113682032 0.275510162115 -0.137755081058 0.0 0.45398452878 -0.103175409138 0.450735270977 0.351091474295 1.88000740309e-06 0.0
44 0.0 0.0 0.48514342308 0.109659008682 -0.481673210859 -0.372796684504 1.42880560361e-06 0.0 0.0 0.0 -0.187654271722 0.291906654835 -0.145953327417 0.0 0.0 0.0 -0.187654271722 0.291906654835 -0.145953327417 0.0 0.48514342308 -0.109659008682 0.481673210859 0.372796684504 1.42880560361e-06 0.0
45 0.0 0.0 0.48514342308 0.109659008682 -0.481673210859 -0.372796684504 1.42880560361e-06 0.0 0.0 0.0 -0.187654271722 0.291906654835 -0.145953327417 0.0 0.0 0.0 -0.187654271722 0.291906654835 -0.145953327417 0.0 0.48514342308 -0.109659008682 0.481673210859 0.372796684504 1.42880560361e-06 0.0
46 0.0 0.0 0.516750991344 0.116235725582 -0.513056218624 -0.394813627005 1.08589233605e-06 0.0 0.0 0.0 -0.198270514607 0.308420777321 -0.15421038866 0.0 0.0 0.0 -0.198270514607 0.308420777321 -0.15421038866 0.0 0.516750991344 -0.116235725582 0.513056218624 0.394813627005 1.08589233605e-06 0.0
47 0.0 0.0 0.548739790916 0.1228916049 -0.544817447662 -0.417095512152 8.25278220873e-07 0.0 0.0 0.0 -0.208940684795 0.325018852949 -0.162509426475 0.0 0.0 0.0 -0.208940684795 0.325018852949 -0.162509426475 0.0 0.548739790916 -0.1228916049 0.544817447662 0.417095512152 8.25278220873e-07 0.0
48 0.0 0.0 0.548739790916 0.1228916049 -0.544817447662 -0.417095512152 8.25278220873e-07 0.0 0.0 0.0 -0.208940684795 0.325018852949 -0.162509426475 0.0 0.0 0.0 -0.208940684795 0.325018852949 -0.162509426475 0.0 0.548739790916 -0.1228916049 0.544817447662 0.417095512152 8.25278220873e-07 0.0
49 0.0 0.0 0.581042528152 0.129612669349 -0.576890170574 -0.439595639706 6.27211420579e-07 0.0 0.0 0.0 -0.219643250108 0.3416672647 -0.17083363235 0.0 0.0 0.0 -0.219643250108 0.3416672647 -0.17083363235 0.0 0.581042528152 -0.129612669349 0.576890170574 0.439595639706 6.27211420579e-07 0.0
50 0.0 0.0 0.581042528152 0.129612669349 -0.576890170574 -0.439595639706 6.27211420579e-07 0.0 0.0 0.0 -0.219643250108 0.3416672647 -0.17083363235 0.0 0.0 0.0 -0.219643250108 0.3416672647 -0.17083363235 0.0 0.581042528152 -0.129612669349 0.576890170574 0.439595639706 6.27211420579e-07 0.0
51 0.0 0.0 0.613591969013 0.136384963989 -0.609207630157 -0.46226722002 4.76680668271e-07 0.0 0.0 0.0 -0.230356693268 0.358332574368 -0.179166287184 0.0 0.0 0.0 -0.230356693268 0.358332574368 -0.179166287184 0.0 0.613591969013 -0.136384963989 0.609207630157 0.46226722002 4.76680668271e-07 0.0
52 0.0 0.0 0.64632076025 0.143194511533 -0.64170306921 -0.485063493252 3.62277319255e-07 0.0 0.0 0.0 -0.241059243679 0.374981015921 -0.18749050796 0.0 0.0 0.0 -0.241059243679 0.374981015921 -0.18749050796 0.0 0.64632076025 -0.143194511533 0.64170306921 0.485063493252 3.62277319255e-07 0.0
53 0.0 0.0 0.64632076025 0.143194511533 -0.64170306921 -0.485063493252 3.62277319255e-07 0.0 0.0 0.0 -0.241059243679 0.374981015921 -0.18749050796 0.0 0.0 0.0 -0.241059243679 0.374981015921 -0.18749050796 0.0 0.64632076025 -0.143194511533 0.64170306921 0.485063493252 3.62277319255e-07 0.0
54 0.0 0.0 0.679161727428 0.15002733469 -0.674309790134 -0.507937669754 2.75330762634e-07 0.0 0.0 0.0 -0.251729398966 0.391579121351 -0.195789560676 0.0 0.0 0.0 -0.251729398966 0.391579121351 -0.195789560676 0.0 0.679161727428 -0.15002733469 0.674309790134 0.507937669754 2.75330762634e-07 0.0
55 0.0 0.0 0.679161727428 0.15002733469 -0.674309790134 -0.507937669754 2.75330762634e-07 0.0 0.0 0.0 -0.251729398966 0.391579121351 -0.195789560676 0.0 0.0 0.0 -0.251729398966 0.391579121351 -0.195789560676 0.0 0.679161727428 -0.15002733469 0.674309790134 0.507937669754 2.75330762634e-07 0.0
56 0.0 0.0 0.712047636509 0.156869471073 -0.706961035728 -0.530843019485 2.09251382444e-07 0.0 0.0 0.0 -0.262345671654 0.408093184233 -0.204046592116 0.0 0.0 0.0 -0.262345671654 0.408093184233 -0.204046592116 0.0 0.712047636509 -0.156869471073 0.706961035728 0.530843019485 2.09251382444e-07 0.0
57 0.0 0.0 0.744911253452 0.163706928492 -0.739590108395 -0.5537327528 1.5903104611e-07 0.0 0.0 0.0 -0.272886276245 0.424489736557 -0.212244868279 0.0 0.0 0.0 -0.272886276245 0.424489736557 -0.212244868279 0.0 0.744911253452 -0.163706928492 0.739590108395 0.5537327528 1.5903104611e-07 0.0
58 0.0 0.0 0.744911253452 0.163706928492 -0.739590108395 -0.5537327528 1.5903104611e-07 0.0 0.0 0.0 -0.272886276245 0.424489736557 -0.212244868279 0.0 0.0 0.0 -0.272886276245 0.424489736557 -0.212244868279 0.0 0.744911253452 -0.163706928492 0.739590108395 0.5537327528 1.5903104611e-07 0.0
59 0.0 0.0 0.777685344219 0.170525744557 -0.772130250931 -0.576560020447 1.2086360357e-07 0.0 0.0 0.0 -0.283329695463 0.440735012293 -0.220367506146 0.0 0.0 0.0 -0.283329695463 0.440735012293 -0.220367506146 0.0 0.777685344219 -0.170525744557 0.772130250931 0.576560020447 1.2086360357e-07 0.0
60 0.0 0.0 0.777685344219 0.170525744557 -0.772130250931 -0.576560020447 1.2086360357e-07 0.0 0.0 0.0 -0.283329695463 0.440735012293 -0.220367506146 0.0 0.0 0.0 -0.283329695463 0.440735012293 -0.220367506146 0.0 0.777685344219 -0.170525744557 0.772130250931 0.576560020447 1.2086360357e-07 0.0
61 0.0 0.0 0.81030279398 0.177311941981 -0.804514825344 -0.599278092384 9.18563358709e-08 0.0 0.0 0.0 -0.293654352427 0.456795662642 -0.228397831321 0.0 0.0 0.0 -0.293654352427 0.456795662642 -0.228397831321 0.0 0.81030279398 -0.177311941981 0.804514825344 0.599278092384 9.18563358709e-08 0.0
62 0.0 0.0 0.84269630909 0.184051528573 -0.836677014828 -0.621840178967 6.9810816683e-08 0.0 0.0 0.0 -0.303838610649 0.472637861967 -0.236318930984 0.0 0.0 0.0 -0.303838610649 0.472637861967 -0.236318930984 0.0 0.84269630909 -0.184051528573 0.836677014828 0.621840178967 6.9810816683e-08 0.0
63 0.0 0.0 0.84269630909 0.184051528573 -0.836677014828 -0.621840178967 6.9810816683e-08 0.0 0.0 0.0 -0.303838610649 0.472637861967 -0.236318930984 0.0 0.0 0.0 -0.303838610649 0.472637861967 -0.236318930984 0.0 0.84269630909 -0.184051528573 0.836677014828 0.621840178967 6.9810816683e-08 0.0
64 0.0 0.0 0.874798715115 0.190730527043 -0.868550181389 -0.644199430943 5.30562189738e-08 0.0 0.0 0.0 -0.313860923052 0.488228142262 -0.244114071131 0.0 0.0 0.0 -0.313860923052 0.488228142262 -0.244114071131 0.0 0.874798715115 -0.190730527043 0.868550181389 0.644199430943 5.30562189738e-08 0.0
65 0.0 0.0 0.906542778015 0.197334989905 -0.900067567825 -0.666309118271 4.03227282675e-08 0.0 0.0 0.0 -0.323699653149 0.5035328269 -0.25176641345 0.0 0.0 0.0 -0.323699653149 0.5035328269 -0.25176641345 0.0 0.906542778015 -0.197334989905 0.900067567825 0.666309118271 4.03227282675e-08 0.0
66 0.0 0.0 0.906542778015 0.197334989905 -0.900067567825 -0.666309118271 4.03227282675e-08 0.0 0.0 0.0 -0.323699653149 0.5035328269 -0.25176641345 0.0 0.0 0.0 -0.323699653149 0.5035328269 -0.25176641345 0.0 0.906542778015 -0.197334989905 0.900067567825 0.666309118271 4.03227282675e-08 0.0
67 0.0 0.0 0.937861382961 0.203850924969 -0.93116247654 -0.688122451305 3.06452747623e-08 0.0 0.0 0.0 -0.333333313465 0.518518447876 -0.259259223938 0.0 0.0 0.0 -0.333333313465 0.518518447876 -0.259259223938 0.0 0.937861382961 -0.203850924969 0.93116247654 0.688122451305 3.06452747623e-08 0.0
68 0.0 0.0 0.968687236309 0.210264340043 -0.961768209934 -0.709592580795 2.32904096009e-08 0.0 0.0 0.0 -0.342740118504 0.533151268959 -0.26657563448 0.0 0.0 0.0 -0.342740118504 0.533151268959 -0.26657563448 0.0 0.968687236309 -0.210264340043 0.961768209934 0.709592580795 2.32904096009e-08 0.0
69 0.0 0.0 0.968687236309 0.210264340043 -0.961768209934 -0.709592580795 2.32904096009e-08 0.0 0.0 0.0 -0.342740118504 0.533151268959 -0.26657563448 0.0 0.0 0.0 -0.342740118504 0.533151268959 -0.26657563448 0.0 0.968687236309 -0.210264340043 0.961768209934 0.709592580795 2.32904096009e-08 0.0
70 0.0 0.0 0.998953223228 0.216561257839 -0.991818070412 -0.730672776699 1.77007120072e-08 0.0 0.0 0.0 -0.351898550987 0.547397732735 -0.273698866367 0.0 0.0 0.0 -0.351898550987 0.547397732735 -0.273698866367 0.0 0.998953223228 -0.216561257839 0.991818070412 0.730672776699 1.77007120072e-08 0.0
71 0.0 0.0 0.998953223228 0.216561257839 -0.991818070412 -0.730672776699 1.77007120072e-08 0.0 0.0 0.0 -0.351898550987 0.547397732735 -0.273698866367 0.0 0.0 0.0 -0.351898550987 0.547397732735 -0.273698866367 0.0 0.998953223228 -0.216561257839 0.991818070412 0.730672776699 1.77007120072e-08 0.0
72 0.0 0.0 1.02859210968 0.222727715969 -1.02124536037 -0.751316189766 1.3452540415e-08 0.0 0.0 0.0 -0.360787123442 0.561224400997 -0.280612200499 0.0 0.0 0.0 -0.360787123442 0.561224400997 -0.280612200499 0.0 1.02859210968 -0.222727715969 1.02124536037 0.751316189766 1.3452540415e-08 0.0
73 0.0 0.0 1.05753684044 0.228749722242 -1.04998326302 -0.77147603035 1.02239310351e-08 0.0 0.0 0.0 -0.369384080172 0.574597477913 -0.287298738956 0.0 0.0 0.0 -0.369384080172 0.574597477913 -0.287298738956 0.0 1.05753684044 -0.228749722242 1.04998326302 0.77147603035 1.02239310351e-08 0.0
74 0.0 0.0 1.05753684044 0.228749722242 -1.04998326302 -0.77147603035 1.02239310351e-08 0.0 0.0 0.0 -0.369384080172 0.574597477913 -0.287298738956 0.0 0.0 0.0 -0.369384080172 0.574597477913 -0.287298738956 0.0 1.05753684044 -0.228749722242 1.04998326302 0.77147603035 1.02239310351e-08 0.0
75 0.0 0.0 1.08572006226 0.234613314271 -1.07796514034 -0.791105508804 7.77018804854e-09 0.0 0.0 0.0 -0.3776679039 0.587483406067 -0.293741703033 0.0 0.0 0.0 -0.3776679039 0.587483406067 -0.293741703033 0.0 1.08572006226 -0.234613314271 1.07796514034 0.791105508804 7.77018804854e-09 0.0
76 0.0 0.0 1.1130746603 0.240304499865 -1.10512435436 -0.810157895088 5.90534288136e-09 0.0 0.0 0.0 -0.385617047548 0.599848687649 -0.299924343824 0.0 0.0 0.0 -0.385617047548 0.599848687649 -0.299924343824 0.0 1.1130746603 -0.240304499865 1.10512435436 0.810157895088 5.90534288136e-09 0.0
77 0.0 0.0 1.1130746603 0.240304499865 -1.10512435436 -0.810157895088 5.90534288136e-09 0.0 0.0 0.0 -0.385617047548 0.599848687649 -0.299924343824 0.0 0.0 0.0 -0.385617047548 0.599848687649 -0.299924343824 0.0 1.1130746603 -0.240304499865 1.10512435436 0.810157895088 5.90534288136e-09 0.0
78 0.0 0.0 1.13953340054 0.245809316635 -1.13139414787 -0.828586280346 4.48806058984e-09 0.0 0.0 0.0 -0.393209815025 0.611659646034 -0.305829823017 0.0 0.0 0.0 -0.393209815025 0.611659646034 -0.305829823017 0.0 1.13953340054 -0.245809316635 1.13139414787 0.828586280346 4.48806058984e-09 0.0
79 0.0 0.0 1.16502904892 0.251113772392 -1.15670776367 -0.846343934536 3.41092620815e-09 0.0 0.0 0.0 -0.40042462945 0.622882723808 -0.311441361904 0.0 0.0 0.0 -0.40042462945 0.622882723808 -0.311441361904 0.0 1.16502904892 -0.251113772392 1.15670776367 0.846343934536 3.41092620815e-09 0.0
80 0.0 0.0 1.16502904892 0.251113772392 -1.15670776367 -0.846343934536 3.41092620815e-09 0.0 0.0 0.0 -0.40042462945 0.622882723808 -0.311441361904 0.0 0.0 0.0 -0.40042462945 0.622882723808 -0.311441361904 0.0 1.16502904892 -0.251113772392 1.15670776367 0.846343934536 3.41092620815e-09 0.0
81 0.0 0.0 1.18949460983 0.256203889847 -1.18099856377 -0.863384068012 2.59230392707e-09 0.0 0.0 0.0 -0.407239973545 0.633484363556 -0.316742181778 0.0 0.0 0.0 -0.407239973545 0.633484363556 -0.316742181778 0.0 1.18949460983 -0.256203889847 1.18099856377 0.863384068012 2.59230392707e-09 0.0
82 0.0 0.0 1.21286273003 0.26106569171 -1.20419979095 -0.879659891129 1.97015115333e-09 0.0 0.0 0.0 -0.41363415122 0.643430888653 -0.321715444326 0.0 0.0 0.0 -0.41363415122 0.643430888653 -0.321715444326 0.0 1.21286273003 -0.26106569171 1.20419979095 0.879659891129 1.97015115333e-09 0.0
83 0.0 0.0 1.21286273003 0.26106569171 -1.20419979095 -0.879659891129 1.97015115333e-09 0.0 0.0 0.0 -0.41363415122 0.643430888653 -0.321715444326 0.0 0.0 0.0 -0.41363415122 0.643430888653 -0.321715444326 0.0 1.21286273003 -0.26106569171 1.20419979095 0.879659891129 1.97015115333e-09 0.0
84 0.0 0.0 1.23506629467 0.265685200691 -1.22624480724 -0.895124554634 1.4973149387e-09 0.0 0.0 0.0 -0.419585615396 0.652688741684 -0.326344370842 0.0 0.0 0.0 -0.419585615396 0.652688741684 -0.326344370842 0.0 1.23506629467 -0.265685200691 1.22624480724 0.895124554634 1.4973149387e-09 0.0
85 0.0 0.0 1.25603806973 0.270048439503 -1.24706673622 -0.909731328487 1.13795939338e-09 0.0 0.0 0.0 -0.425072789192 0.66122430563 -0.330612152815 0.0 0.0 0.0 -0.425072789192 0.66122430563 -0.330612152815 0.0 1.25603806973 -0.270048439503 1.24706673622 0.909731328487 1.13795939338e-09 0.0
86 0.0 0.0 1.25603806973 0.270048439503 -1.24706673622 -0.909731328487 1.13795939338e-09 0.0 0.0 0.0 -0.430074065924 0.66900408268 -0.33450204134 0.0 0.0 0.0 -0.430074065924 0.66900408268 -0.33450204134 0.0 1.25603806973 -0.270048439503 1.24706673622 0.909731328487 1.13795939338e-09 0.0
87 0.0 0.0 1.27571094036 0.274141430855 -1.2665990591 -0.923433363438 8.6484913675e-10 0.0 0.0 0.0 -0.430074065924 0.66900408268 -0.33450204134 0.0 0.0 0.0 -0.430074065924 0.66900408268 -0.33450204134 0.0 1.27571094036 -0.274141430855 1.2665990591 0.923433363438 8.6484913675e-10 0.0
88 0.0 0.0 1.29401767254 0.277950167656 -1.28477501869 -0.936183869839 6.57285337269e-10 0.0 0.0 0.0 -0.434567779303 0.67599439621 -0.337997198105 0.0 0.0 0.0 -0.434567779303 0.67599439621 -0.337997198105 0.0 1.29401767254 -0.277950167656 1.28477501869 0.936183869839 6.57285337269e-10 0.0
89 0.0 0.0 1.29401767254 0.277950167656 -1.28477501869 -0.936183869839 6.57285337269e-10 0.0 0.0 0.0 -0.434567779303 0.67599439621 -0.337997198105 0.0 0.0 0.0 -0.434567779303 0.67599439621 -0.337997198105 0.0 1.29401767254 -0.277950167656 1.28477501869 0.936183869839 6.57285337269e-10 0.0
90 0.0 0.0 1.31089103222 0.281460732222 -1.30152785778 -0.947936117649 4.99536856324e-10 0.0 0.0 0.0 -0.438532441854 0.682161569595 -0.341080784798 0.0 0.0 0.0 -0.438532441854 0.682161569595 -0.341080784798 0.0 1.31089103222 -0.281460732222 1.30152785778 0.947936117649 4.99536856324e-10 0.0
91 0.0 0.0 1.32626378536 0.284659087658 -1.31679093838 -0.958643257618 3.79648007476e-10 0.0 0.0 0.0 -0.441946446896 0.687472164631 -0.343736082315 0.0 0.0 0.0 -0.441946446896 0.687472164631 -0.343736082315 0.0 1.32626378536 -0.284659087658 1.31679093838 0.958643257618 3.79648007476e-10 0.0
92 0.0 0.0 1.32626378536 0.284659087658 -1.31679093838 -0.958643257618 3.79648007476e-10 0.0 0.0 0.0 -0.444788068533 0.691892564297 -0.345946282148 0.0 0.0 0.0 -0.444788068533 0.691892564297 -0.345946282148 0.0 1.32626378536 -0.284659087658 1.31679093838 0.958643257618 3.79648007476e-10 0.0
93 0.0 0.0 1.34006893635 0.287531286478 -1.33049750328 -0.968258440495 2.8853247569e-10 0.0 0.0 0.0 -0.444788068533 0.691892564297 -0.345946282148 0.0 0.0 0.0 -0.444788068533 0.691892564297 -0.345946282148 0.0 1.34006893635 -0.287531286478 1.33049750328 0.968258440495 2.8853247569e-10 0.0
94 0.0 0.0 1.35223913193 0.29006332159 -1.34258079529 -0.976734995842 2.19284673753e-10 0.0 0.0 0.0 -0.447035878897 0.695389091969 -0.347694545984 0.0 0.0 0.0 -0.447035878897 0.695389091969 -0.347694545984 0.0 1.35223913193 -0.29006332159 1.34258079529 0.976734995842 2.19284673753e-10 0.0
95 0.0 0.0 1.35223913193 0.29006332159 -1.34258079529 -0.976734995842 2.19284673753e-10 0.0 0.0 0.0 -0.448668122292 0.697928190231 -0.348964095116 0.0 0.0 0.0 -0.448668122292 0.697928190231 -0.348964095116 0.0 1.35223913193 -0.29006332159 1.34258079529 0.976734995842 2.19284673753e-10 0.0
96 0.0 0.0 1.36270725727 0.292241245508 -1.35297417641 -0.984026014805 1.66656355383e-10 0.0 0.0 0.0 -0.448668122292 0.697928190231 -0.348964095116 0.0 0.0 0.0 -0.448668122292 0.697928190231 -0.348964095116 0.0 1.36270725727 -0.292241245508 1.35297417641 0.984026014805 1.66656355383e-10 0.0
97 0.0 0.0 1.37140619755 0.294051080942 -1.36161088943 -0.990084707737 1.26658822319e-10 0.0 0.0 0.0 -0.449663370848 0.69947630167 -0.349738150835 0.0 0.0 0.0 -0.449663370848 0.69947630167 -0.349738150835 0.0 1.37140619755 -0.294051080942 1.36161088943 0.990084707737 1.26658822319e-10 0.0
98 0.0 0.0 1.37140619755 0.294051080942 -1.36161088943 -0.990084707737 1.26658822319e-10 0.0 0.0 0.0 -0.449663370848 0.69947630167 -0.349738150835 0.0 0.0 0.0 -0.449663370848 0.69947630167 -0.349738150835 0.0 1.37140619755 -0.294051080942 1.36161088943 0.990084707737 1.26658822319e-10 0.0
99 0.0 0.0 1.37826871872 0.295478820801 -1.36842429638 -0.994864404202 9.62607077382e-11 0.0 0.0 0.0 -0.449999988079 0.699999988079 -0.34999999404 0.0 0.0 0.0 -0.449999988079 0.699999988079 -0.34999999404 0.0 1.37826871872 -0.295478820801 1.36842429638 0.994864404202 9.62607077382e-11 0.0
100 0.0 0.0 1.38348424435 0.296563893557 -1.3736025095 -0.998496949673 7.31581392688e-11 0.0 0.0 0.0 -0.449999988079 0.699999988079 -0.34999999404 0.0 0.0 0.0 -0.449999988079 0.699999988079 -0.34999999404 0.0 1.38348424435 -0.296563893557 1.3736025095 0.998496949673 7.31581392688e-11 0.0
101 0.0 0.0 1.38348424435 0.296563893557 -1.3736025095 -0.998496949673 7.31581392688e-11 0.0 0.0 0.0 -0.449999988079 0.699999988079 -0.34999999404 0.0 0.0 0.0 -0.449999988079 0.699999988079 -0.34999999404 0.0 1.38348424435 -0.296563893557 1.3736025095 0.998496949673 7.31581392688e-11 0.0
102 0.0 0.0 1.38744807243 0.297388553619 -1.37753784657 -1.001257658 5.56001876484e-11 0.0 0.0 0.0 -0.449999988079 0.699999988079 -0.34999999404 0.0 0.0 0.0 -0.449999988079 0.699999988079 -0.34999999404 0.0 1.38744807243 -0.297388553619 1.37753784657 1.001257658 5.56001876484e-11 0.0
103 0.0 0.0 1.39046049118 0.298015296459 -1.38052880764 -1.00335586071 4.22561430291e-11 0.0 9.46784642556e-18 -6.18600892732e-10 -0.443616479635 0.716859579086 -0.365043103695 6.09564343446e-10 9.46784642556e-18 -6.18600892732e-10 -0.443616479635 0.716859579086 -0.365043103695 6.09564343446e-10 1.39046049118 -0.298015296459 1.38052880764 1.00335586071 4.22561430291e-11 0.0
104 0.0 0.0 1.39046049118 0.298015296459 -1.38052880764 -1.00335586071 4.22561430291e-11 0.0 9.46784642556e-18 -6.18600892732e-10 -0.443616479635 0.716859579086 -0.365043103695 6.09564343446e-10 9.46784642556e-18 -6.18600892732e-10 -0.443616479635 0.716859579086 -0.365043103695 6.09564343446e-10 1.39046049118 -0.298015296459 1.38052880764 1.00335586071 4.22561430291e-11 0.0
105 0.0 0.0 1.3927500248 0.298491626978 -1.38280189037 -1.00495040417 3.21146685633e-11 0.0 2.8388610321e-17 -1.36784250593e-09 -0.433503478765 0.739494740963 -0.385991275311 7.25952742364e-10 2.8388610321e-17 -1.36784250593e-09 -0.433503478765 0.739494740963 -0.385991275311 7.25952742364e-10 1.3927500248 -0.298491626978 1.38280189037 1.00495040417 3.21146685633e-11 0.0
106 0.0 0.0 1.3927500248 0.298491626978 -1.38280189037 -1.00495040417 3.21146685633e-11 0.0 2.8388610321e-17 -1.36784250593e-09 -0.433503478765 0.739494740963 -0.385991275311 7.25952742364e-10 2.8388610321e-17 -1.36784250593e-09 -0.433503478765 0.739494740963 -0.385991275311 7.25952742364e-10 1.3927500248 -0.298491626978 1.38280189037 1.00495040417 3.21146685633e-11 0.0
107 0.0 0.0 1.39449000359 0.298853635788 -1.3845294714 -1.0061622858 2.44071481775e-11 0.0 2.8388610321e-17 -2.2618480422e-09 -0.419983804226 0.764399170876 -0.41021540761 8.59524729169e-10 2.8388610321e-17 -2.2618480422e-09 -0.419983804226 0.764399170876 -0.41021540761 8.59524729169e-10 1.39449000359 -0.298853635788 1.3845294714 1.0061622858 2.44071481775e-11 0.0
108 0.0 0.0 1.39581239223 0.299128770828 -1.38584244251 -1.00708329678 1.85494328231e-11 0.0 4.72705662108e-17 -3.20399395903e-09 -0.403734833002 0.788693904877 -0.435359090567 9.02377839118e-10 4.72705662108e-17 -3.20399395903e-09 -0.403734833002 0.788693904877 -0.435359090567 9.02377839118e-10 1.39581239223 -0.299128770828 1.38584244251 1.00708329678 1.85494328231e-11 0.0
109 0.0 0.0 1.39581239223 0.299128770828 -1.38584244251 -1.00708329678 1.85494328231e-11 0.0 4.72705662108e-17 -3.20399395903e-09 -0.403734833002 0.788693904877 -0.435359090567 9.02377839118e-10 4.72705662108e-17 -3.20399395903e-09 -0.403734833002 0.788693904877 -0.435359090567 9.02377839118e-10 1.39581239223 -0.299128770828 1.38584244251 1.00708329678 1.85494328231e-11 0.0
110 0.0 0.0 1.39681744576 0.299337863922 -1.38684022427 -1.00778329372 1.4097569466e-11 0.0 -3.03622599538e-18 -4.12526413029e-09 -0.385905981064 0.810307860374 -0.459401875734 8.84014028646e-10 -3.03622599538e-18 -4.12526413029e-09 -0.385905981064 0.810307860374 -0.459401875734 8.84014028646e-10 1.39681744576 -0.299337863922 1.38684022427 1.00778329372 1.4097569466e-11 0.0
111 0.0 0.0 1.39758121967 0.299496769905 -1.38759851456 -1.00831532478 1.07141526554e-11 0.0 -3.03622599538e-18 -4.95364194109e-09 -0.368088275194 0.827911734581 -0.48062351346 8.00563060288e-10 -3.03622599538e-18 -4.95364194109e-09 -0.368088275194 0.827911734581 -0.48062351346 8.00563060288e-10 1.39758121967 -0.299496769905 1.38759851456 1.00831532478 1.07141526554e-11 0.0
112 0.0 0.0 1.39758121967 0.299496769905 -1.38759851456 -1.00831532478 1.07141526554e-11 0.0 -3.03622599538e-18 -4.95364194109e-09 -0.368088275194 0.827911734581 -0.48062351346 8.00563060288e-10 -3.03622599538e-18 -4.95364194109e-09 -0.368088275194 0.827911734581 -0.48062351346 8.00563060288e-10 1.39758121967 -0.299496769905 1.38759851456 1.00831532478 1.07141526554e-11 0.0
113 0.0 0.0 1.39816176891 0.299617558718 -1.38817489147 -1.00871968269 8.1427564344e-12 0.0 4.6432337774e-17 -5.62096014178e-09 -0.352224469185 0.840765237808 -0.497540831566 6.52735976381e-10 4.6432337774e-17 -5.62096014178e-09 -0.352224469185 0.840765237808 -0.497540831566 6.52735976381e-10 1.39816176891 -0.299617558718 1.38817489147 1.00871968269 8.1427564344e-12 0.0
114 0.0 0.0 1.39860296249 0.299709349871 -1.3886128664 -1.00902700424 6.18849502892e-12 0.0 8.74862942655e-18 -6.06010663873e-09 -0.340478658676 0.84850358963 -0.508824944496 4.36824271199e-10 8.74862942655e-18 -6.06010663873e-09 -0.340478658676 0.84850358963 -0.508824944496 4.36824271199e-10 1.39860296249 -0.299709349871 1.3886128664 1.00902700424 6.18849502892e-12 0.0
115 0.0 0.0 1.39860296249 0.299709349871 -1.3886128664 -1.00902700424 6.18849502892e-12 0.0 -3.8121023848e-18 -6.20418383335e-09 -0.335065811872 0.850851893425 -0.51318615675 1.47882067703e-10 -3.8121023848e-18 -6.20418383335e-09 -0.335065811872 0.850851893425 -0.51318615675 1.47882067703e-10 1.39860296249 -0.299709349871 1.3886128664 1.00902700424 6.18849502892e-12 0.0
116 0.0 0.0 1.39893829823 0.299779117107 -1.38894581795 -1.00926053524 4.7032564475e-12 0.0 -3.8121023848e-18 -6.20418383335e-09 -0.335065811872 0.850851893425 -0.51318615675 1.47882067703e-10 -3.8121023848e-18 -6.20418383335e-09 -0.335065811872 0.850851893425 -0.51318615675 1.47882067703e-10 1.39893829823 -0.299779117107 1.38894581795 1.00926053524 4.7032564475e-12 0.0
117 0.0 0.0 1.39919304848 0.299832135439 -1.38919878006 -1.00943803787 3.57447491744e-12 0.0 2.46828254603e-18 -5.98463234525e-09 -0.338036775589 0.84725433588 -0.509217560291 -2.19653906175e-10 2.46828254603e-18 -5.98463234525e-09 -0.338036775589 0.84725433588 -0.509217560291 -2.19653906175e-10 1.39919304848 -0.299832135439 1.38919878006 1.00943803787 3.57447491744e-12 0.0
118 0.0 0.0 1.39919304848 0.299832135439 -1.38919878006 -1.00943803787 3.57447491744e-12 0.0 2.46828254603e-18 -5.98463234525e-09 -0.338036775589 0.84725433588 -0.509217560291 -2.19653906175e-10 2.46828254603e-18 -5.98463234525e-09 -0.338036775589 0.84725433588 -0.509217560291 -2.19653906175e-10 1.39919304848 -0.299832135439 1.38919878006 1.00943803787 3.57447491744e-12 0.0
119 0.0 0.0 1.39938676357 0.299872428179 -1.38939106464 -1.00957286358 2.71660103267e-12 0.0 2.46828254603e-18 -5.98463234525e-09 -0.338036775589 0.84725433588 -0.509217560291 -2.19653906175e-10 2.46828254603e-18 -5.98463234525e-09 -0.338036775589 0.84725433588 -0.509217560291 -2.19653906175e-10 1.39938676357 -0.299872428179 1.38939106464 1.00957286358 2.71660103267e-12 0.0
120 0.0 0.0 1.39953398705 0.299903035164 -1.38953721523 -1.00967538357 2.06461670677e-12 0.0 2.46828254603e-18 -5.98463234525e-09 -0.338036775589 0.84725433588 -0.509217560291 -2.19653906175e-10 2.46828254603e-18 -5.98463234525e-09 -0.338036775589 0.84725433588 -0.509217560291 -2.19653906175e-10 1.39953398705 -0.299903035164 1.38953721523 1.00967538357 2.06461670677e-12 0.0
121 0.0 0.0 1.39953398705 0.299903035164 -1.38953721523 -1.00967538357 2.06461670677e-12 0.0 2.46828254603e-18 -5.98463234525e-09 -0.338036775589 0.84725433588 -0.509217560291 -2.19653906175e-10 2.46828254603e-18 -5.98463234525e-09 -0.338036775589 0.84725433588 -0.509217560291 -2.19653906175e-10 1.39953398705 -0.299903035164 1.38953721523 1.00967538357 2.06461670677e-12 0.0
122 0.0 0.0 1.39964580536 0.299926310778 -1.38964831829 -1.00975334644 1.5691087752e-12 0.0 2.46828254603e-18 -5.98463234525e-09 -0.338036775589 0.84725433588 -0.509217560291 -2.19653906175e-10 2.46828254603e-18 -5.98463234525e-09 -0.338036775589 0.84725433588 -0.509217560291 -2.19653906175e-10 1.39964580536 -0.299926310778 1.38964831829 1.00975334644 1.5691087752e-12 0.0
123 0.0 0.0 1.39973080158 0.299944013357 -1.38973271847 -1.00981259346 1.19252264313e-12 0.0 2.46828254603e-18 0.00103061762638 -0.338038653135 0.847258269787 -0.509219586849 -0.0010306237964 2.46828254603e-18 0.00103061762638 -0.338038653135 0.847258269787 -0.509219586849 -0.0010306237964 1.39973080158 -0.299944013357 1.38973271847 1.00981259346 1.19252264313e-12 0.0
124 0.0 0.0 1.39973080158 0.299944013357 -1.38973271847 -1.00981259346 1.19252264313e-12 0.0 2.46828254603e-18 0.00103061762638 -0.338038653135 0.847258269787 -0.509219586849 -0.0010306237964 2.46828254603e-18 0.00103061762638 -0.338038653135 0.847258269787 -0.509219586849 -0.0010306237964 1.39973080158 -0.299944013357 1.38973271847 1.00981259346 1.19252264313e-12 0.0
125 0.0 0.0 1.39979541302 0.299957454205 -1.38979685307 -1.00985753536 9.06317230466e-13 0.0 4.03837350546e-18 0.00179107557051 -0.338039666414 0.847260355949 -0.509220719337 -0.00179111131001 4.03837350546e-18 0.00179107557051 -0.338039666414 0.847260355949 -0.509220719337 -0.00179111131001 1.39979541302 -0.299957454205 1.38979685307 1.00985753536 9.06317230466e-13 0.0
126 0.0 0.0 1.39984452724 0.299967676401 -1.38984560966 -1.00989174843 6.88801121175e-13 0.0 1.54767107265e-16 0.00272220210172 -0.338040143251 0.847261548042 -0.509221374989 -0.00272221630439 1.54767107265e-16 0.00272220210172 -0.338040143251 0.847261548042 -0.509221374989 -0.00272221630439 1.39984452724 -0.299967676401 1.38984560966 1.00989174843 6.88801121175e-13 0.0
127 0.0 0.0 1.39988183975 0.299975425005 -1.38988268375 -1.00991773605 5.23488858598e-13 0.0 1.54767107265e-16 0.00380596751347 -0.338040679693 0.847262561321 -0.50922191143 -0.00380597100593 1.54767107265e-16 0.00380596751347 -0.338040679693 0.847262561321 -0.50922191143 -0.00380597100593 1.39988183975 -0.299975425005 1.38988268375 1.00991773605 5.23488858598e-13 0.0
128 0.0 0.0 1.39988183975 0.299975425005 -1.38988268375 -1.00991773605 5.23488858598e-13 0.0 1.54767107265e-16 0.00380596751347 -0.338040679693 0.847262561321 -0.50922191143 -0.00380597100593 1.54767107265e-16 0.00380596751347 -0.338040679693 0.847262561321 -0.50922191143 -0.00380597100593 1.39988183975 -0.299975425005 1.38988268375 1.00991773605 5.23488858598e-13 0.0
129 0.0 0.0 1.39991021156 0.299981325865 -1.38991081715 -1.0099375248 3.97851565061e-13 0.0 5.5671039288e-16 0.0050284108147 -0.3380394876 0.84726023674 -0.509220778942 -0.00502838566899 5.5671039288e-16 0.0050284108147 -0.3380394876 0.84726023674 -0.509220778942 -0.00502838566899 1.39991021156 -0.299981325865 1.38991081715 1.0099375248 3.97851565061e-13 0.0
130 0.0 0.0 1.39991021156 0.299981325865 -1.38991081715 -1.0099375248 3.97851565061e-13 0.0 5.5671039288e-16 0.0050284108147 -0.3380394876 0.84726023674 -0.509220778942 -0.00502838566899 5.5671039288e-16 0.0050284108147 -0.3380394876 0.84726023674 -0.509220778942 -0.00502838566899 1.39991021156 -0.299981325865 1.38991081715 1.0099375248 3.97851565061e-13 0.0
131 0.0 0.0 1.39993178844 0.299985796213 -1.38993227482 -1.00995254517 3.02367180773e-13 0.0 2.16448342946e-15 0.00638074148446 -0.338037252426 0.847255825996 -0.509218633175 -0.00638071680441 2.16448342946e-15 0.00638074148446 -0.338037252426 0.847255825996 -0.509218633175 -0.00638071680441 1.39993178844 -0.299985796213 1.38993227482 1.00995254517 3.02367180773e-13 0.0
132 0.0 0.0 1.39994812012 0.299989193678 -1.38994848728 -1.00996398926 2.29799062808e-13 0.0 5.56710287001e-16 0.00785956159234 -0.338033884764 0.847249090672 -0.509215176105 -0.00785953737795 5.56710287001e-16 0.00785956159234 -0.338033884764 0.847249090672 -0.509215176105 -0.00785953737795 1.39994812012 -0.299989193678 1.38994848728 1.00996398926 2.29799062808e-13 0.0
133 0.0 0.0 1.39994812012 0.299989193678 -1.38994848728 -1.00996398926 2.29799062808e-13 0.0 5.56710287001e-16 0.00785956159234 -0.338033884764 0.847249090672 -0.509215176105 -0.00785953737795 5.56710287001e-16 0.00785956159234 -0.338033884764 0.847249090672 -0.509215176105 -0.00785953737795 1.39994812012 -0.299989193678 1.38994848728 1.00996398926 2.29799062808e-13 0.0
134 0.0 0.0 1.39996051788 0.29999178648 -1.38996088505 -1.00997257233 1.74647283939e-13 0.0 -2.65883599791e-15 0.00946674216539 -0.338029682636 0.847240567207 -0.509210944176 -0.00946675427258 -2.65883599791e-15 0.00946674216539 -0.338029682636 0.847240567207 -0.509210944176 -0.00946675427258 1.39996051788 -0.29999178648 1.38996088505 1.00997257233 1.74647283939e-13 0.0
135 0.0 0.0 1.39996993542 0.299993753433 -1.38997030258 -1.00997912884 1.32731933083e-13 0.0 -9.08992899126e-15 0.0112089617178 -0.338023811579 0.847228705883 -0.509204864502 -0.011208973825 -9.08992899126e-15 0.0112089607865 -0.338023811579 0.847228705883 -0.509204864502 -0.011208973825 1.39996993542 -0.299993753433 1.38997030258 1.00997912884 1.32731933083e-13 0.0
136 0.0 0.0 1.39996993542 0.299993753433 -1.38997030258 -1.00997912884 1.32731933083e-13 0.0 -9.08992899126e-15 0.0112089617178 -0.338023811579 0.847228705883 -0.509204864502 -0.011208973825 -9.08992899126e-15 0.0112089607865 -0.338023811579 0.847228705883 -0.509204864502 -0.011208973825 1.39996993542 -0.299993753433 1.38997030258 1.00997912884 1.32731933083e-13 0.0
137 0.0 0.0 1.39997708797 0.299995243549 -1.38997745514 -1.00998413563 1.0087627077e-13 0.0 -5.87438270635e-15 0.013097314164 -0.338017314672 0.847215473652 -0.509198129177 -0.0130972927436 -5.87438270635e-15 0.0130973132327 -0.338017314672 0.847215473652 -0.509198129177 -0.0130972927436 1.39997708797 -0.299995243549 1.38997745514 1.00998413563 1.0087627077e-13 0.0
138 0.0 0.0 1.39997708797 0.299995243549 -1.38997745514 -1.00998413563 1.0087627077e-13 0.0 -5.87438270635e-15 0.013097314164 -0.338017314672 0.847215473652 -0.509198129177 -0.0130972927436 -5.87438270635e-15 0.0130973132327 -0.338017314672 0.847215473652 -0.509198129177 -0.0130972927436 1.39997708797 -0.299995243549 1.38997745514 1.00998413563 1.0087627077e-13 0.0
139 0.0 0.0 1.3999825716 0.299996376038 -1.38998281956 -1.00998795033 7.66659684955e-14 0.0 1.98499867259e-14 0.0151468310505 -0.338009119034 0.847198843956 -0.509189724922 -0.01514687296 1.98499867259e-14 0.0151468301192 -0.338009119034 0.847198843956 -0.509189724922 -0.01514687296 1.3999825716 -0.299996376038 1.38998281956 1.00998795033 7.66659684955e-14 0.0
140 0.0 0.0 1.39998674393 0.299997240305 -1.38998699188 -1.00999081135 5.82661360566e-14 0.0 -5.87438524745e-15 0.0173768792301 -0.337999373674 0.847179055214 -0.509179711342 -0.0173768736422 -5.87438524745e-15 0.0173768773675 -0.337999373674 0.847179055214 -0.509179711342 -0.0173768736422 1.39998674393 -0.299997240305 1.38998699188 1.00999081135 5.82661360566e-14 0.0
141 0.0 0.0 1.39998674393 0.299997240305 -1.38998699188 -1.00999081135 5.82661360566e-14 0.0 -5.87438524745e-15 0.0173768792301 -0.337999373674 0.847179055214 -0.509179711342 -0.0173768736422 -5.87438524745e-15 0.0173768773675 -0.337999373674 0.847179055214 -0.509179711342 -0.0173768736422 1.39998674393 -0.299997240305 1.38998699188 1.00999081135 5.82661360566e-14 0.0
142 0.0 0.0 1.39998996258 0.299997895956 -1.38999009132 -1.00999295712 4.42822624543e-14 0.0 1.98499850319e-14 0.0198099371046 -0.337988108397 0.84715616703 -0.509168088436 -0.0198099855334 1.98499850319e-14 0.0198099352419 -0.337988108397 0.84715616703 -0.509168088436 -0.0198099855334 1.39998996258 -0.299997895956 1.38999009132 1.00999295712 4.42822624543e-14 0.0
143 0.0 0.0 1.39999234676 0.299998402596 -1.38999247551 -1.00999462605 3.36545197363e-14 0.0 -3.15987538327e-14 0.022472742945 -0.33797493577 0.84712934494 -0.509154379368 -0.022472800687 -3.15987538327e-14 0.0224727410823 -0.33797493577 0.84712934494 -0.509154379368 -0.022472800687 1.39999234676 -0.299998402596 1.38999247551 1.00999462605 3.36545197363e-14 0.0
144 0.0 0.0 1.39999234676 0.299998402596 -1.38999247551 -1.00999462605 3.36545197363e-14 0.0 -3.15987538327e-14 0.022472742945 -0.33797493577 0.84712934494 -0.509154379368 -0.022472800687 -3.15987538327e-14 0.0224727410823 -0.33797493577 0.84712934494 -0.509154379368 -0.022472800687 1.39999234676 -0.299998402596 1.38999247551 1.00999462605 3.36545197363e-14 0.0
145 0.0 0.0 1.3999941349 0.299998790026 -1.38999426365 -1.00999593735 2.55774337799e-14 0.0 1.98499833378e-14 0.0253955051303 -0.337958842516 0.847096502781 -0.509137690067 -0.0253954976797 1.98499833378e-14 0.025395501405 -0.337958842516 0.847096502781 -0.509137690067 -0.0253954976797 1.3999941349 -0.299998790026 1.38999426365 1.00999593735 2.55774337799e-14 0.0
146 0.0 0.0 1.3999941349 0.299998790026 -1.38999426365 -1.00999593735 2.55774337799e-14 0.0 1.98499833378e-14 0.0253955051303 -0.337958842516 0.847096502781 -0.509137690067 -0.0253954976797 1.98499833378e-14 0.025395501405 -0.337958842516 0.847096502781 -0.509137690067 -0.0253954976797 1.3999941349 -0.299998790026 1.38999426365 1.00999593735 2.55774337799e-14 0.0
147 0.0 0.0 1.39999556541 0.299999088049 -1.38999569416 -1.00999689102 1.94388504859e-14 0.0 4.5574350229e-14 0.0286122448742 -0.337939321995 0.847056686878 -0.509117305279 -0.0286122504622 4.5574350229e-14 0.0286122411489 -0.337939321995 0.847056686878 -0.509117305279 -0.0286122504622 1.39999556541 -0.299999088049 1.38999569416 1.00999689102 1.94388504859e-14 0.0
148 0.0 0.0 1.3999966383 0.299999296665 -1.38999676704 -1.00999760628 1.47735268436e-14 0.0 -1.60220605229e-13 0.0321612097323 -0.337915748358 0.847008407116 -0.50909268856 -0.0321611985564 -1.60220605229e-13 0.032161206007 -0.337915748358 0.847008407116 -0.50909268856 -0.0321611985564 1.3999966383 -0.299999296665 1.38999676704 1.00999760628 1.47735268436e-14 0.0
149 0.0 0.0 1.39999747276 0.299999475479 -1.3899974823 -1.00999820232 1.12278808077e-14 0.0 -5.87437000085e-15 0.0360848531127 -0.337886422873 0.846948564053 -0.509062111378 -0.0360848903656 -5.87437000085e-15 0.0360848493874 -0.337886422873 0.846948564053 -0.509062111378 -0.0360848903656 1.39999747276 -0.299999475479 1.3899974823 1.00999820232 1.12278808077e-14 0.0
150 0.0 0.0 1.39999747276 0.299999475479 -1.3899974823 -1.00999820232 1.12278808077e-14 0.0 -5.87437000085e-15 0.0360848531127 -0.337886422873 0.846948564053 -0.509062111378 -0.0360848903656 -5.87437000085e-15 0.0360848493874 -0.337886422873 0.846948564053 -0.509062111378 -0.0360848903656 1.39999747276 -0.299999475479 1.3899974823 1.00999820232 1.12278808077e-14 0.0
151 0.0 0.0 1.39999806881 0.299999594688 -1.38999807835 -1.00999867916 8.53318948162e-15 0.0 -5.87437000085e-15 0.0404305905104 -0.337850570679 0.846875190735 -0.509024620056 -0.0404306277633 -5.87437000085e-15 0.0404305867851 -0.337850570679 0.846875190735 -0.509024620056 -0.0404306277633 1.39999806881 -0.299999594688 1.38999807835 1.00999867916 8.53318948162e-15 0.0
152 0.0 0.0 1.39999806881 0.299999594688 -1.38999807835 -1.00999867916 8.53318948162e-15 0.0 -5.87437000085e-15 0.0404305905104 -0.337850570679 0.846875190735 -0.509024620056 -0.0404306277633 -5.87437000085e-15 0.0404305867851 -0.337850570679 0.846875190735 -0.509024620056 -0.0404306277633 1.39999806881 -0.299999594688 1.38999807835 1.00999867916 8.53318948162e-15 0.0
153 0.0 0.0 1.39999854565 0.299999684095 -1.38999855518 -1.00999903679 6.48522390439e-15 0.0 9.70231111164e-14 0.0452508106828 -0.337804347277 0.846780598164 -0.508976280689 -0.0452508255839 9.70231111164e-14 0.0452508106828 -0.337804347277 0.846780598164 -0.508976280689 -0.0452508255839 1.39999854565 -0.299999684095 1.38999855518 1.00999903679 6.48522390439e-15 0.0
154 0.0 0.0 1.39999890327 0.299999773502 -1.38999891281 -1.00999927521 4.92877037062e-15 0.0 9.70231111164e-14 0.0506033934653 -0.337744086981 0.846657216549 -0.508913099766 -0.0506033673882 9.70231111164e-14 0.0506033934653 -0.337744086981 0.846657216549 -0.508913099766 -0.0506033673882 1.39999890327 -0.299999773502 1.38999891281 1.00999927521 4.92877037062e-15 0.0
155 0.0 0.0 1.39999890327 0.299999773502 -1.38999891281 -1.00999927521 4.92877037062e-15 0.0 9.70231111164e-14 0.0506033934653 -0.337744086981 0.846657216549 -0.508913099766 -0.0506033673882 9.70231111164e-14 0.0506033934653 -0.337744086981 0.846657216549 -0.508913099766 -0.0506033673882 1.39999890327 -0.299999773502 1.38999891281 1.00999927521 4.92877037062e-15 0.0
156 0.0 0.0 1.39999914169 0.299999833107 -1.38999915123 -1.00999939442 3.74586556638e-15 0.0 9.70231111164e-14 0.0565522238612 -0.337663114071 0.846491336823 -0.508828163147 -0.0565521791577 9.70231111164e-14 0.0565522238612 -0.337663114071 0.846491336823 -0.508828163147 -0.0565521791577 1.39999914169 -0.299999833107 1.38999915123 1.00999939442 3.74586556638e-15 0.0
157 0.0 0.0 1.39999938011 0.299999862909 -1.38999938965 -1.00999951363 2.84685783045e-15 0.0 1.74338278189e-12 0.0629638582468 -0.337456136942 0.846209108829 -0.508753061295 -0.0629638656974 1.74338278189e-12 0.0629638582468 -0.337456136942 0.846209108829 -0.508753061295 -0.0629638656974 1.39999938011 -0.299999862909 1.38999938965 1.00999951363 2.84685783045e-15 0.0
158 0.0 0.0 1.39999938011 0.299999862909 -1.38999938965 -1.00999951363 2.84685783045e-15 0.0 1.74338278189e-12 0.0629638582468 -0.337456136942 0.846209108829 -0.508753061295 -0.0629638656974 1.74338278189e-12 0.0629638582468 -0.337456136942 0.846209108829 -0.508753061295 -0.0629638656974 1.39999938011 -0.299999862909 1.38999938965 1.00999951363 2.84685783045e-15 0.0
159 0.0 0.0 1.39999949932 0.299999892712 -1.38999950886 -1.00999963284 2.16361204431e-15 0.0 9.70229755912e-14 0.0698072463274 -0.337072342634 0.845781445503 -0.508709073067 -0.0698072463274 9.70229755912e-14 0.0698072463274 -0.337072342634 0.845781445503 -0.508709073067 -0.0698072463274 1.39999949932 -0.299999892712 1.38999950886 1.00999963284 2.16361204431e-15 0.0
160 0.0 0.0 1.39999949932 0.299999892712 -1.38999950886 -1.00999963284 2.16361204431e-15 0.0 9.70229755912e-14 0.0698072463274 -0.337072342634 0.845781445503 -0.508709073067 -0.0698072463274 9.70229755912e-14 0.0698072463274 -0.337072342634 0.845781445503 -0.508709073067 -0.0698072463274 1.39999949932 -0.299999892712 1.38999950886 1.00999963284 2.16361204431e-15 0.0
161 0.0 0.0 1.39999961853 0.299999922514 -1.38999962807 -1.00999975204 1.64434527226e-15 0.0 9.70229755912e-14 0.0770449265838 -0.336456239223 0.845176756382 -0.508720517159 -0.0770449638367 9.70229755912e-14 0.0770449265838 -0.336456239223 0.845176756382 -0.508720517159 -0.0770449638367 1.39999961853 -0.299999922514 1.38999962807 1.00999975204 1.64434527226e-15 0.0
162 0.0 0.0 1.39999973774 0.299999952316 -1.38999974728 -1.00999975204 1.24970245774e-15 0.0 -3.19569631174e-12 0.0847521573305 -0.33560603857 0.844396829605 -0.50879073143 -0.0847521498799 -3.19569631174e-12 0.0847521573305 -0.33560603857 0.844396829605 -0.50879073143 -0.0847521498799 1.39999973774 -0.299999952316 1.38999974728 1.00999975204 1.24970245774e-15 0.0
163 0.0 0.0 1.39999973774 0.299999952316 -1.38999974728 -1.00999975204 1.24970245774e-15 0.0 -3.19569631174e-12 0.0847521573305 -0.33560603857 0.844396829605 -0.50879073143 -0.0847521498799 -3.19569631174e-12 0.0847521573305 -0.33560603857 0.844396829605 -0.50879073143 -0.0847521498799 1.39999973774 -0.299999952316 1.38999974728 1.00999975204 1.24970245774e-15 0.0
164 0.0 0.0 1.39999973774 0.299999952316 -1.38999974728 -1.00999975204 9.49773914471e-16 0.0 3.38974247976e-12 0.0930907577276 -0.334546357393 0.843433856964 -0.508887469769 -0.093090750277 3.38974247976e-12 0.0930907577276 -0.334546357393 0.843433856964 -0.508887469769 -0.093090750277 1.39999973774 -0.299999952316 1.38999974728 1.00999975204 9.49773914471e-16 0.0
165 0.0 0.0 1.39999973774 0.299999952316 -1.38999974728 -1.00999975204 7.21828189821e-16 0.0 3.38974247976e-12 0.102229811251 -0.333295106888 0.842248260975 -0.508953154087 -0.102229818702 3.38974247976e-12 0.102229811251 -0.333295106888 0.842248260975 -0.508953154087 -0.102229818702 1.39999973774 -0.299999952316 1.38999974728 1.00999975204 7.21828189821e-16 0.0
166 0.0 0.0 1.39999973774 0.299999952316 -1.38999974728 -1.00999975204 7.21828189821e-16 0.0 3.38974247976e-12 0.102229811251 -0.333295106888 0.842248260975 -0.508953154087 -0.102229818702 3.38974247976e-12 0.102229811251 -0.333295106888 0.842248260975 -0.508953154087 -0.102229818702 1.39999973774 -0.299999952316 1.38999974728 1.00999975204 7.21828189821e-16 0.0
167 0.0 0.0 1.40033817291 0.299929141998 -1.39007294178 -1.0096193552 5.48589411558e-16 0.0 -3.19569587806e-12 0.112225808203 -0.331821858883 0.840746819973 -0.508925020695 -0.112225815654 -3.19569587806e-12 0.112225808203 -0.331821888685 0.840746819973 -0.508925020695 -0.112225815654 1.40033817291 -0.299929141998 1.39007294178 1.0096193552 5.48589411558e-16 0.0
168 0.0 0.0 1.40033817291 0.299929141998 -1.39007294178 -1.0096193552 5.48589411558e-16 0.0 -3.19569587806e-12 0.112225808203 -0.331821858883 0.840746819973 -0.508925020695 -0.112225815654 -3.19569587806e-12 0.112225808203 -0.331821888685 0.840746819973 -0.508925020695 -0.112225815654 1.40033817291 -0.299929141998 1.39007294178 1.0096193552 5.48589411558e-16 0.0
169 0.0 0.0 1.40157985687 0.299669235945 -1.3903414011 -1.00822341442 4.16927933726e-16 0.0 9.97518213863e-12 0.123025856912 -0.330097585917 0.838850200176 -0.508752584457 -0.123025879264 9.97518213863e-12 0.123025856912 -0.330097585917 0.838850200176 -0.508752584457 -0.123025879264 1.40157985687 -0.299669235945 1.3903414011 1.00822341442 4.16927933726e-16 0.0
170 0.0 0.0 1.40410768986 0.299140065908 -1.39088797569 -1.00538122654 3.16865231749e-16 0.0 9.97518213863e-12 0.134446889162 -0.328126162291 0.836546123028 -0.50841999054 -0.134446844459 9.97518213863e-12 0.134446889162 -0.328126162291 0.836546123028 -0.50841999054 -0.134446829557 1.40410768986 -0.299140065908 1.39088797569 1.00538122654 3.16865231749e-16 0.0
171 0.0 0.0 1.40410768986 0.299140065908 -1.39088797569 -1.00538122654 3.16865231749e-16 0.0 9.97518213863e-12 0.134446889162 -0.328126162291 0.836546123028 -0.50841999054 -0.134446844459 9.97518213863e-12 0.134446889162 -0.328126162291 0.836546123028 -0.50841999054 -0.134446829557 1.40410768986 -0.299140065908 1.39088797569 1.00538122654 3.16865231749e-16 0.0
172 0.0 0.0 1.40816688538 0.29829031229 -1.39176559448 -1.00081717968 2.40817581423e-16 0.0 9.97518213863e-12 0.146177172661 -0.325952589512 0.833912074566 -0.507959485054 -0.146177142859 9.97518213863e-12 0.146177172661 -0.325952589512 0.833912074566 -0.507959485054 -0.146177142859 1.40816688538 -0.29829031229 1.39176559448 1.00081717968 2.40817581423e-16 0.0
173 0.0 0.0 1.41389739513 0.297090679407 -1.39300453663 -0.99437391758 1.83021360294e-16 0.0 3.63169390394e-11 0.157822117209 -0.323663800955 0.831117749214 -0.507453918457 -0.157822161913 3.63169390394e-11 0.157822117209 -0.323663800955 0.831117749214 -0.507453918457 -0.157822161913 1.41389739513 -0.297090679407 1.39300453663 0.99437391758 1.83021360294e-16 0.0
174 0.0 0.0 1.41389739513 0.297090679407 -1.39300453663 -0.99437391758 1.83021360294e-16 0.0 3.63169390394e-11 0.157822117209 -0.323663800955 0.831117749214 -0.507453918457 -0.157822161913 3.63169390394e-11 0.157822117209 -0.323663800955 0.831117749214 -0.507453918457 -0.157822161913 1.41389739513 -0.297090679407 1.39300453663 0.99437391758 1.83021360294e-16 0.0
175 0.0 0.0 1.42135965824 0.295528531075 -1.39461791515 -0.985983610153 1.39096230117e-16 0.0 -4.27083264587e-11 0.168973267078 -0.321375340223 0.828399598598 -0.507024228573 -0.168973222375 -4.27083264587e-11 0.168973267078 -0.321375340223 0.828399598598 -0.507024228573 -0.168973222375 1.42135965824 -0.295528531075 1.39461791515 0.985983610153 1.39096230117e-16 0.0
176 0.0 0.0 1.43055319786 0.293603926897 -1.39660561085 -0.975646555424 1.05713133036e-16 0.0 -1.63665712927e-11 0.17927762866 -0.319203794003 0.826002240181 -0.506798446178 -0.17927762866 -1.63665712927e-11 0.179277598858 -0.319203794003 0.826002240181 -0.506798446178 -0.179277613759 1.43055319786 -0.293603926897 1.39660561085 0.975646555424 1.05713133036e-16 0.0
177 0.0 0.0 1.43055319786 0.293603926897 -1.39660561085 -0.975646555424 1.05713133036e-16 0.0 -1.63665712927e-11 0.17927762866 -0.319203794003 0.826002240181 -0.506798446178 -0.17927762866 -1.63665712927e-11 0.179277598858 -0.319203794003 0.826002240181 -0.506798446178 -0.179277613759 1.43055319786 -0.293603926897 1.39660561085 0.975646555424 1.05713133036e-16 0.0
178 0.0 0.0 1.44143176079 0.291326582432 -1.39895761013 -0.96341496706 8.0341981637e-17 0.0 9.97517866919e-12 0.188489362597 -0.317236572504 0.824117422104 -0.506880819798 -0.188489407301 9.97517866919e-12 0.188489437103 -0.317236512899 0.824117302895 -0.506880760193 -0.188489452004 1.44143176079 -0.291326582432 1.39895761013 0.96341496706 8.0341981637e-17 0.0
179 0.0 0.0 1.45391392708 0.288713544607 -1.40165638924 -0.949380338192 6.105990525e-17 0.0 -5.28471799655e-09 0.196486189961 -0.315510183573 0.822837591171 -0.507327377796 -0.196486219764 -5.28471799655e-09 0.196486249566 -0.315510123968 0.822837471962 -0.507327377796 -0.196486234665 1.45391392708 -0.288713544607 1.40165638924 0.949380338192 6.105990525e-17 0.0
180 0.0 0.0 1.45391392708 0.288713544607 -1.40165638924 -0.949380338192 6.105990525e-17 0.0 -5.28471799655e-09 0.196486189961 -0.315510183573 0.822837591171 -0.507327377796 -0.196486219764 -5.28471799655e-09 0.196486249566 -0.315510123968 0.822837471962 -0.507327377796 -0.196486234665 1.45391392708 -0.288713544607 1.40165638924 0.949380338192 6.105990525e-17 0.0
181 0.0 0.0 1.46789169312 0.285787433386 -1.40467846394 -0.933664083481 4.64055271959e-17 0.0 6.10808958967e-09 0.203245982528 -0.314012736082 0.822160601616 -0.508147895336 -0.203246027231 6.10808958967e-09 0.203246071935 -0.314013034105 0.822161197662 -0.508148252964 -0.203246057034 1.46789169312 -0.285787433386 1.40467846394 0.933664083481 4.64055271959e-17 0.0
182 0.0 0.0 1.46789169312 0.285787433386 -1.40467846394 -0.933664083481 4.64055271959e-17 0.0 -2.53200527212e-09 0.210585951805 -0.337565332651 0.863629341125 -0.526063978672 -0.210585951805 -2.53200527212e-09 0.208796739578 -0.312699794769 0.822022974491 -0.509323179722 -0.208796679974 1.46789169312 -0.285787433386 1.40467846394 0.933664083481 4.64055271959e-17 0.0
183 0.0 0.0 1.47864425182 0.283137947321 -1.40911185741 -0.918265402317 3.52682019924e-17 0.0 -2.53200527212e-09 0.210585951805 -0.337565332651 0.863629341125 -0.526063978672 -0.210585951805 -2.53200527212e-09 0.208796739578 -0.312699794769 0.822022974491 -0.509323179722 -0.208796679974 1.4832367897 -0.282575041056 1.40799617767 0.916410386562 3.52682019924e-17 0.0
184 0.0 0.0 1.48979187012 0.280825048685 -1.41417789459 -0.901488482952 2.68038348377e-17 0.0 1.26120847099e-09 0.217758208513 -0.370980650187 0.920193195343 -0.549212574959 -0.217758238316 1.26120847099e-09 0.213174104691 -0.311516880989 0.82234364748 -0.510826766491 -0.213174104691 1.49835920334 -0.279510527849 1.41208100319 0.89775288105 2.68038348377e-17 0.0
185 0.0 0.0 1.48979187012 0.280825048685 -1.41417789459 -0.901488482952 2.68038348377e-17 0.0 1.26120847099e-09 0.217758208513 -0.370980650187 0.920193195343 -0.549212574959 -0.217758238316 1.26120847099e-09 0.213174104691 -0.311516880989 0.82234364748 -0.510826766491 -0.213174104691 1.49835920334 -0.279510527849 1.41208100319 0.89775288105 2.68038348377e-17 0.0
186 0.0 0.0 1.50195157528 0.2786860466 -1.41956746578 -0.883648216724 2.03709140796e-17 0.0 -2.11053619026e-09 0.224546417594 -0.41026365757 0.98413091898 -0.57386726141 -0.224546447396 -2.11053619026e-09 0.216408923268 -0.310412108898 0.823051691055 -0.512639582157 -0.216408923268 1.51473701 -0.276250004768 1.41633450985 0.877899229527 2.03709140796e-17 0.0
187 0.0 0.0 1.51494562626 0.276765882969 -1.42526388168 -0.864934623241 1.5481894502e-17 0.0 -1.09613669252e-08 0.230697065592 -0.452232718468 1.04933452606 -0.597101807594 -0.230697035789 -1.09613669252e-08 0.218521878123 -0.3093354702 0.824084103107 -0.514748573303 -0.218521863222 1.53217923641 -0.272824108601 1.42073059082 0.857033908367 1.5481894502e-17 0.0
188 0.0 0.0 1.51494562626 0.276765882969 -1.42526388168 -0.864934623241 1.5481894502e-17 0.0 -1.09613669252e-08 0.230697065592 -0.452232718468 1.04933452606 -0.597101807594 -0.230697035789 -1.09613669252e-08 0.218521878123 -0.3093354702 0.824084103107 -0.514748573303 -0.218521863222 1.53217923641 -0.272824108601 1.42073059082 0.857033908367 1.5481894502e-17 0.0
189 0.0 0.0 1.52863645554 0.275095909834 -1.431235075 -0.845515549183 1.17662397222e-17 0.0 3.7900163008e-09 0.235886141658 -0.49439561367 1.11112952232 -0.616733968258 -0.235886141658 3.7900163008e-09 0.219522207975 -0.308241575956 0.825391113758 -0.517149567604 -0.219522207975 1.55049586296 -0.269263863564 1.42523908615 0.835348844528 1.17662397222e-17 0.0
190 0.0 0.0 1.54292237759 0.27369338274 -1.43743360043 -0.825538814068 8.9423427183e-18 0.0 4.18271639546e-10 0.239937931299 -0.534587323666 1.16577124596 -0.631183981895 -0.239937961102 4.18271639546e-10 0.219608902931 -0.307020306587 0.826937377453 -0.51991713047 -0.219608902931 1.56335496902 -0.266005337238 1.43120956421 0.816263735294 8.9423427183e-18 0.0
191 0.0 0.0 1.54292237759 0.27369338274 -1.43743360043 -0.825538814068 8.9423427183e-18 0.0 4.18271639546e-10 0.239937931299 -0.534587323666 1.16577124596 -0.631183981895 -0.239937961102 4.18271639546e-10 0.219608902931 -0.307020306587 0.826937377453 -0.51991713047 -0.219608902931 1.56335496902 -0.266005337238 1.43120956421 0.816263735294 8.9423427183e-18 0.0
192 0.0 0.0 1.55772864819 0.272560566664 -1.44379734993 -0.805137753487 6.79618043282e-18 0.0 -6.7466872089e-09 0.242527499795 -0.570815503597 1.20999407768 -0.639178514481 -0.242527484894 -6.7466872089e-09 0.218869492412 -0.305557519197 0.828616082668 -0.523058533669 -0.218869537115 1.57529389858 -0.263241589069 1.43770456314 0.796815335751 6.79618043282e-18 0.0
193 0.0 0.0 1.55772864819 0.272560566664 -1.44379734993 -0.805137753487 6.79618043282e-18 0.0 -6.7466872089e-09 0.242527499795 -0.570815503597 1.20999407768 -0.639178514481 -0.242527484894 -6.7466872089e-09 0.218869492412 -0.305557519197 0.828616082668 -0.523058533669 -0.218869537115 1.57529389858 -0.263241589069 1.43770456314 0.796815335751 6.79618043282e-18 0.0
194 0.0 0.0 1.57299780846 0.271682113409 -1.45025026798 -0.784438490868 5.16509731093e-18 0.0 1.68267488831e-09 0.243307635188 -0.601076543331 1.24077069759 -0.639694154263 -0.243307679892 1.68267488831e-09 0.217390015721 -0.303738802671 0.830332934856 -0.526594161987 -0.217390045524 1.58800542355 -0.260790705681 1.44418418407 0.77693939209 5.16509731093e-18 0.0
195 0.0 0.0 1.58664822578 0.270947813988 -1.45722579956 -0.763919830322 3.9254741052e-18 0.0 -8.43255953953e-09 0.24181124568 -0.623259305954 1.25504946709 -0.631790161133 -0.241811305285 -8.43255953953e-09 0.215134128928 -0.301492184401 0.832009851933 -0.530517578125 -0.215134143829 1.60129916668 -0.258662253618 1.4506033659 0.75685942173 3.9254741052e-18 0.0
196 0.0 0.0 1.58664822578 0.270947813988 -1.45722579956 -0.763919830322 3.9254741052e-18 0.0 -8.43255953953e-09 0.24181124568 -0.623259305954 1.25504946709 -0.631790161133 -0.241811305285 -8.43255953953e-09 0.215134128928 -0.301492184401 0.832009851933 -0.530517578125 -0.215134143829 1.60129916668 -0.258662253618 1.4506033659 0.75685942173 3.9254741052e-18 0.0
197 0.0 0.0 1.60080480576 0.270449995995 -1.46403181553 -0.743386745453 2.98336046884e-18 0.0 2.07536210439e-10 0.237517088652 -0.635019302368 1.24948680401 -0.61446750164 -0.237517058849 2.07536210439e-10 0.211964458227 -0.298804461956 0.833631753922 -0.534827291965 -0.211964443326 1.61500585079 -0.256861656904 1.4569119215 0.736781895161 2.98336046884e-18 0.0
198 0.0 0.0 1.61535465717 0.270128697157 -1.47058463097 -0.723001241684 2.26735396459e-18 0.0 4.92271068353e-09 0.230448558927 -0.636275947094 1.22529888153 -0.589022874832 -0.230448558927 4.92271068353e-09 0.207706734538 -0.295702308416 0.835255980492 -0.539553701878 -0.207706779242 1.62897336483 -0.255390524864 1.46305549145 0.716900408268 2.26735396459e-18 0.0
